add_comm_list
68,73,0
126,134,0
87,88,0
89,90,0
95,96,0
97,98,0
103,104,0
105,106,0
111,112,0
113,114,0
119,120,0
121,122,0
77,78,0
151,152,0
157,158,0
163,164,0
169,170,0
175,176,0
181,182,0
195,202,0
203,225,0

add_par_list
283,286,0
317,322,0
296,297,0
298,299,0
303,304,0
305,306,0
310,311,0
312,313,0
288,289,0
336,337,0
342,343,0
347,348,0
358,362,0
363,379,0

add_sorted_list
614,616,0
617,620,0
623,624,0

allocate
434,453,0
438,451,1
442,450,1
446,449,1
462,464,0
468,469,0
472,475,0
487,523,0

apply_bc
1948,1951,0
1949,1951,1
1950,1951,1
1941,1944,0
1942,1944,1
1943,1944,1
1934,1937,0
1935,1937,1
1936,1937,1
1972,1975,0
1973,1975,1
1974,1975,1
1965,1968,0
1966,1968,1
1967,1968,1
1958,1961,0
1959,1961,1
1960,1961,1

calc_time_step
188,208,0
192,199,1
202,206,1

calculate_results
1308,1309,0
1310,1320,0
1353,1354,0
1355,1365,0
1409,1412,0
1414,1415,0

check_block
141,612,0

check_buff_size
322,339,0
327,329,1

check_input

check_objects
71,131,0
122,125,1

check_sum
45,54,0
48,51,1
49,51,1
50,51,1

cher_end_timer

cher_start_timer

comm
52,242,0
59,85,1
61,78,1
133,162,1
135,143,1
97,132,1
98,132,1
163,205,1
165,203,1
186,191,1
187,191,1
175,180,1
176,180,1
206,233,1
222,226,1
211,219,1
236,237,1

comm_parent
48,51,0
52,70,0
57,62,1
71,83,0
73,81,1
77,80,1
85,86,0

comm_parent_proc
207,211,0
213,218,0
220,223,0
224,243,0
229,235,1
244,267,0
246,265,1
269,270,0

comm_parent_reverse
97,100,0
101,115,0
106,107,1
116,124,0
118,122,1
126,127,0

comm_parent_unrefine
138,141,0
142,156,0
147,148,1
157,164,0
159,162,1
166,167,0

comm_proc
46,88,0
48,52,1
53,69,1
58,60,1
70,84,1
72,82,1
86,87,1

comm_refine
44,85,0
46,50,1
51,67,1
56,58,1
68,81,1
70,79,1
83,84,1

comm_refine_unrefine
155,191,0
157,161,1
162,178,1
167,169,1
179,187,1
181,185,1
189,190,1

comm_reverse_refine
96,144,0
98,102,1
103,121,1
108,112,1
122,140,1
124,138,1
132,136,1
142,143,1

consolidate_blocks
366,566,0
367,566,1
370,372,1
411,432,1
418,430,1
419,430,1
420,430,1
421,430,1
433,563,1
489,562,1
490,562,1
513,515,1
514,515,1
459,461,1
460,461,1
567,607,0
569,606,1
591,593,1
592,593,1

deallocate
615,625,0
616,623,1
617,621,1
618,619,1
641,654,0

del_comm_list
261,266,0
268,283,0
274,281,1
292,300,0
288,289,0

del_par_list
388,392,0
394,403,0
396,400,1
410,415,0
406,408,0

del_sorted_list
631,633,0
639,640,0
641,644,0

driver
67,163,0
71,72,1
73,110,1
75,108,1
85,107,1
147,157,1
151,152,1
155,156,1

eq
250,252,0
253,255,0

exchange
220,223,0
226,336,0
234,299,1
248,253,1
272,273,1
280,282,1

factor
501,514,0

find_dir

find_sorted_list
651,654,0

init
51,55,0
60,67,0
122,126,0
124,125,1
156,187,0
174,183,1
175,183,1
181,182,1
346,349,0
352,353,0
354,360,0
356,357,1
361,377,0
362,373,1
367,373,1
378,417,0
195,201,0
197,198,1
205,211,0
207,209,1
222,225,0
226,244,0
248,283,0
258,273,1
259,273,1
267,269,1
270,272,1
284,287,0
285,287,1
291,321,0
322,335,0
323,334,1
328,334,1
336,338,0
189,190,0
421,422,0
451,676,0
452,676,1
453,676,1
454,676,1
455,676,1
456,676,1
482,493,1
484,487,1
485,487,1
486,487,1
488,492,1
489,492,1
490,492,1
494,495,1
679,680,0

init_profile
1425,1436,0
1502,1512,0
1517,1518,0

load_balance

ma_malloc

main
57,175,0
239,255,0
310,325,0
328,334,0
329,334,1

mark_group
717,733,0
719,727,1
720,727,1

move
41,53,0
42,53,1

move_blocks
753,827,0
756,813,1
796,810,1
797,810,1
762,779,1
763,778,1
829,836,0
832,833,1
843,940,0
851,926,1
901,923,1
902,923,1
929,935,1

move_dots
607,610,0
611,614,0
616,622,0
623,628,0
631,648,0
649,669,0
651,665,1
670,694,0
672,693,1
673,675,1

move_dots_back
705,715,0
716,725,0
718,722,1
726,731,0
728,730,1

move_spots
250,253,0
254,257,0
259,265,0
266,271,0
274,291,0
292,309,0
294,305,1
310,331,0
312,330,1
313,315,1

move_spots_back
342,352,0
353,362,0
355,359,1
363,368,0
365,367,1

on_proc_comm
1541,1546,0
1542,1546,1
1543,1546,1
1516,1521,0
1517,1521,1
1518,1521,1
1495,1500,0
1496,1500,1
1497,1500,1
1585,1590,0
1586,1590,1
1587,1590,1
1571,1576,0
1572,1576,1
1573,1576,1
1557,1562,0
1558,1562,1
1559,1562,1

on_proc_comm_diff
1687,1700,0
1688,1700,1
1689,1700,1
1659,1672,0
1660,1672,1
1661,1672,1
1631,1644,0
1632,1644,1
1633,1644,1
1865,1918,0
1867,1869,1
1876,1878,1
1880,1903,1
1889,1901,1
1905,1907,1
1914,1916,1
1793,1846,0
1795,1797,1
1804,1806,1
1808,1831,1
1817,1829,1
1833,1835,1
1842,1844,1
1721,1774,0
1723,1725,1
1732,1734,1
1736,1759,1
1745,1757,1
1761,1763,1
1770,1772,1

pack_block
57,63,0
60,62,1
61,62,1
64,66,0
67,71,0
68,71,1
69,71,1
70,71,1

pack_face
409,415,0
410,415,1
411,415,1
386,392,0
387,392,1
388,392,1
380,383,0
381,383,1
382,383,1
375,378,0
376,378,1
377,378,1
359,364,0
360,364,1
361,364,1
336,342,0
337,342,1
338,342,1
330,333,0
331,333,1
332,333,1
325,328,0
326,328,1
327,328,1
309,314,0
310,314,1
311,314,1
286,292,0
287,292,1
288,292,1
280,283,0
281,283,1
282,283,1
969,1001,0
973,974,1
977,990,1
980,981,1
986,987,1
994,995,1
906,952,0
913,915,1
921,937,1
927,931,1
944,946,1
900,903,0
901,903,1
902,903,1
858,889,0
862,863,1
866,879,1
869,870,1
875,876,1
883,884,1
795,841,0
802,804,1
810,826,1
816,820,1
833,835,1
789,792,0
790,792,1
791,792,1
749,780,0
753,754,1
757,770,1
760,761,1
766,767,1
774,775,1
686,732,0
693,695,1
701,717,1
707,711,1
724,726,1
680,683,0
681,683,1
682,683,1
663,669,0
664,669,1
665,669,1
600,646,0
607,609,1
615,631,1
621,625,1
638,640,1
594,597,0
595,597,1
596,597,1
578,583,0
579,583,1
580,583,1
515,561,0
522,524,1
530,546,1
536,540,1
553,555,1
509,512,0
510,512,1
511,512,1
495,500,0
496,500,1
497,500,1
432,478,0
439,441,1
447,463,1
453,457,1
470,472,1
426,429,0
427,429,1
428,429,1

plot
51,51,0
52,53,0
58,59,0
64,67,0
68,83,0
81,82,1
89,90,0
93,99,0

print_help_message

profile
75,91,0
504,591,0
666,756,0
909,993,0
1074,1164,0

rcb
67,81,0
83,85,0
129,147,0
88,123,0
90,93,1
94,101,1
96,101,1
104,105,1
148,149,0
150,155,0
168,178,0

redistribute_blocks
561,562,0
567,571,0
572,573,0
581,585,0
588,597,0
598,606,0
599,606,1
613,615,0
616,628,0
620,627,1
632,641,0
642,649,0
644,649,1
657,658,0
664,666,0
673,675,0
676,693,0
680,692,1
699,702,0

refine
61,168,0
62,66,1
69,75,1
184,192,0
231,234,0
235,242,0
281,285,0
282,285,1
283,285,1
286,296,0
287,289,1
291,295,1

refine_level
340,490,0
345,437,1
347,421,1
403,417,1
411,415,1
355,360,1
362,400,1
374,380,1
438,488,1
440,476,1
443,474,1
470,473,1
471,473,1
453,457,1
491,494,0

reset_all
506,513,0
509,511,1
514,526,0
517,520,1
522,525,1

reset_neighbors
536,541,0
538,540,1

sfc
47,59,0
61,64,0
66,72,0
73,74,0
75,80,0
93,103,0

sfc_sort
145,147,0
148,152,0
156,165,0
159,163,1
166,226,0
171,174,1
177,226,1
178,179,1
180,183,1
187,195,1
211,216,1
220,222,1
227,236,0
229,233,1

sort
352,354,0
355,358,0
362,370,0
420,436,0
422,432,1
437,494,0
440,441,1
442,444,1
448,456,1
457,467,1
470,471,1
472,474,1
478,484,1
485,491,1
390,401,0
402,418,0
404,415,1
372,387,0
374,384,1

split_blocks
60,342,0
62,340,1
309,339,1
318,325,1
319,325,1
82,84,1
116,176,1
117,119,1
161,173,1
162,173,1
163,173,1
164,173,1
177,304,1
179,186,1
180,186,1
275,296,1
276,295,1
256,266,1
257,266,1
241,252,1
242,252,1
228,234,1
229,234,1
204,214,1
205,214,1
188,192,1
189,192,1

stencil_0
209,221,0
211,220,1
212,220,1
213,220,1
194,204,0
196,203,1
197,203,1
198,203,1
178,189,0
180,188,1
181,188,1
182,188,1
165,174,0
167,173,1
168,173,1
169,173,1
153,161,0
155,160,1
156,160,1
157,160,1
158,160,1

stencil_27
916,953,0
918,948,1
919,948,1
920,948,1
949,952,1
950,952,1
951,952,1
875,912,0
877,907,1
878,907,1
879,907,1
908,911,1
909,911,1
910,911,1
834,871,0
836,866,1
837,866,1
838,866,1
867,870,1
868,870,1
869,870,1
793,830,0
795,825,1
796,825,1
797,825,1
826,829,1
827,829,1
828,829,1

stencil_7
755,779,0
757,774,1
758,774,1
759,774,1
775,778,1
776,778,1
777,778,1
726,750,0
728,745,1
729,745,1
730,745,1
746,749,1
747,749,1
748,749,1
697,721,0
699,716,1
700,716,1
701,716,1
717,720,1
718,720,1
719,720,1
668,692,0
670,687,1
671,687,1
672,687,1
688,691,1
689,691,1
690,691,1

stencil_calc
103,141,0
105,136,1
106,136,1
107,136,1
137,140,1
138,140,1
139,140,1
83,99,0
85,94,1
86,94,1
87,94,1
95,98,1
96,98,1
97,98,1

stencil_check
964,982,0
966,981,1
967,981,1
968,981,1

stencil_driver

stencil_x
335,365,0
337,364,1
338,364,1
339,364,1
300,330,0
302,329,1
303,329,1
304,329,1
265,295,0
267,294,1
268,294,1
269,294,1
250,260,0
252,259,1
253,259,1
254,259,1
235,245,0
237,244,1
238,244,1
239,244,1
240,242,1

stencil_y
479,509,0
481,508,1
482,508,1
483,508,1
444,474,0
446,473,1
447,473,1
448,473,1
409,439,0
411,438,1
412,438,1
413,438,1
394,404,0
396,403,1
397,403,1
398,403,1
379,389,0
381,388,1
382,388,1
383,388,1
384,386,1

stencil_z
624,654,0
626,653,1
627,653,1
628,653,1
589,619,0
591,618,1
592,618,1
593,618,1
554,584,0
556,583,1
557,583,1
558,583,1
539,549,0
541,548,1
542,548,1
543,548,1
524,534,0
526,533,1
527,533,1
528,533,1
529,531,1

timer

unpack_block
93,99,0
96,98,1
97,98,1
100,102,0
103,107,0
104,107,1
105,107,1
106,107,1

unpack_face
1158,1164,0
1159,1164,1
1160,1164,1
1135,1141,0
1136,1141,1
1137,1141,1
1129,1132,0
1130,1132,1
1131,1132,1
1124,1127,0
1125,1127,1
1126,1127,1
1108,1113,0
1109,1113,1
1110,1113,1
1085,1091,0
1086,1091,1
1087,1091,1
1079,1082,0
1080,1082,1
1081,1082,1
1074,1077,0
1075,1077,1
1076,1077,1
1058,1063,0
1059,1063,1
1060,1063,1
1035,1041,0
1036,1041,1
1037,1041,1
1029,1032,0
1030,1032,1
1031,1032,1
1467,1473,0
1468,1473,1
1469,1473,1
1447,1450,0
1448,1450,1
1449,1450,1
1433,1438,0
1434,1438,1
1435,1438,1
1413,1416,0
1414,1416,1
1415,1416,1
1399,1404,0
1400,1404,1
1401,1404,1
1379,1382,0
1380,1382,1
1381,1382,1
1362,1368,0
1363,1368,1
1364,1368,1
1315,1345,0
1319,1321,1
1324,1336,1
1328,1332,1
1340,1342,1
1309,1312,0
1310,1312,1
1311,1312,1
1295,1300,0
1296,1300,1
1297,1300,1
1248,1278,0
1252,1254,1
1257,1269,1
1261,1265,1
1273,1275,1
1242,1245,0
1243,1245,1
1244,1245,1
1228,1233,0
1229,1233,1
1230,1233,1
1181,1211,0
1185,1187,1
1190,1202,1
1194,1198,1
1206,1208,1
1175,1178,0
1176,1178,1
1177,1178,1

update_comm_list
392,442,0
395,398,1
400,409,1
410,441,1
411,441,1

zero_comm_list
309,314,0

